10
49 59 88 37 98 97 68 54 31 3
-=-=-=-=
30
128 294 133 295 175 8 232 248 241 164 11 60 238 133 291 116 6 67 98 67 196 260 181 160 83 160 90 153 233 216
-=-=-=-=
50
397 134 241 336 282 257 267 47 408 294 219 356 419 203 294 356 90 88 477 256 373 314 36 202 131 251 119 232 385 100 377 342 354 375 7 457 487 160 369 92 402 85 234 98 375 412 232 444 367 100
-=-=-=-=
100
206 144 660 588 233 724 401 769 295 408 945 21 646 924 67 264 297 989 830 727 515 228 123 742 563 959 55 676 839 635 627 141 311 819 120 21 484 143 301 283 394 439 151 757 727 931 424 392 452 392 428 346 405 26 687 135 909 972 246 295 645 686 948 823 59 106 456 294 805 565 673 312 726 140 622 626 569 432 303 585 110 301 834 198 394 746 463 112 943 191 12 42 552 12 552 186 610 213 381 128
-=-=-=-=
200
1389 1844 672 1380 1993 587 1255 635 1253 1561 40 607 333 1797 1995 695 894 189 957 129 1498 247 1749 366 1914 1260 1984 410 1546 1147 1783 362 528 1594 1471 31 995 1679 465 1165 487 146 812 243 1460 1146 1140 1428 738 218 950 891 1481 381 752 1233 351 1998 1685 690 254 1797 276 1853 1767 805 1307 1111 1367 1991 877 33 786 1717 1042 1686 449 687 1758 388 172 1278 548 607 699 1148 712 928 392 583 1530 324 1740 549 852 276 69 21 1689 520 1552 1620 510 872 106 1183 1994 624 1316 1679 847 975 198 1937 1848 1039 1391 1193 1936 1889 1417 607 1350 30 1809 269 954 181 224 785 869 869 1580 260 1959 114 225 121 331 1024 793 1480 1078 872 788 1790 498 1382 1488 718 547 579 272 67 2 1936 945 1902 1613 1671 986 601 566 1726 238 1776 177 1657 1994 1970 599 330 1910 170 1885 1420 1226 1117 1895 516 462 419 1636 1753 810 583 215 559 1546 1554 940 1494 1026 1287 1916 1706 1420 1690 1957 1631
-=-=-=-=
